829081502
2283234228
1258652603
3977576644
3522799069
2778693672
1560230541
3883946894
458548175
191420530
1048241268
1315488206
1237514124
3079664652
3538434540
1644387425
2693181564
3785825467
1221344109
3890940231
3759982330
3349951008
268216641
4204299438
1542250589
2671826597
4038888252
4045618653
1480508801
1902793822
3040137212
1103368761
117839297
3898440133
340599072
1268049017
443815054
3102446724
1683408722
219781469
1046016606
265701480
3470878254
3129448451
3384235106
49561851
2724517795
3732059725
3607054346
416056630
1162798390
2780762687
234184273
104167773
1792085364
510516219
380667285
4087496155
2985609863
2557593939
4245461869
915323707
1465927948
3456327963
3496305263
3224747051
1308055156
2873181291
501273492
3287910036
1489234848
94622084
1615910677
1593632534
3913635106
2675832621
3245598400
57331338
3498246158
339318691
3966608810
2308377447
2333025257
880017916
713793215
2824074562
2481443578
3278281630
1861380856
2256192740
1885701351
2481455378
1762109093
2120382512
74969580
3965659821
1081062448
2369122945
3191077126
1690721573
1197367209
3129258683
1023164147
517817820
4195721344
1816371330
569011984
3222860449
1775807013
664602416
347560500
805066807
2846902980
4116211921
1626128111
3899012600
3897291070
1445199843
1432881809
676968018
2627830799
2315564490
820078184
3437611417
297356960
1280207161
1628391900
1387783073
1406991925
4042316266
4002117110
1655178002
1888848402
2768932647
3323063727
1478122544
2801431730
497334618
423551580
644496620
2609627136
2706889090
150823180
1269394061
2878827962
980067284
3382787824
3137777776
3909128698
3525688319
1229400712
2934272652
2599389977
857522858
3435906257
2036299135
2159519584
1807601314
3459228228
1474873674
11646094
1448004819
4092091767
2684332376
1787105273
896684412
1534117470
1875004489
130265805
2125552493
2350642829
3689720345
2403024900
591555590
2682176074
2129365137
1509057561
1492400498
1346953937
2081903747
1437513275
559897933
3252534738
2323458003
1151147372
2687767409
4189253755
2062726592
2641536639
1231574301
3658508992
2923914453
43899246
1139415314
836981782
3222173087
140702518
1348084946
1705609427
90667483
2997081563
1297431650
3705634694
4085477254
67325719
972909001
4261677650
1227840006
4070235150
2253903364
764804270
2521443851
206514115
1310216393
3343532907
440973935
1605894006
991899896
3945718905
984630410
3136581532
427985703
777816108
68076729
1637582397
730777171
4271065683
732554456
4277780958
3647102077
1451280134
4056967817
2144552660
189804393
1980337661
2289199363
3917346214
3411179231
1159568610
3875084898
3586473220
4271699759
3805258472
266586866
4196886440
2972895811
292064530
3892140228
2928621841
989171348
3334394151
2279061544
1272764611
2117675079
1370424664
3879175800
256887294
1346074899
1214274069
160964508
3483551529
3557194931
1230866494
1625209851
104093300
753171451
2685642216
370408787
1270405877
3823138777
1372194081
1560482217
3833800532
34462953
3154556277
2253378427
