AA	WOLS870101	WOLS870102	WOLS870103	FAUJ880109	GRAR740102	RADA880108	ZIMJ680103	TSAJ990101	CHOP780201	CHOP780202	CHOP780203	ZIMJ680104	NEU1	NEU2	NEU3
-	0.0000000000	0.0000000000	0.0000000000	0.0000000000	0.0000000000	0.0000000000	0.0000000000	0.0000000000	0.0000000000	0.0000000000	0.0000000000	0.0000000000	0.0000000000	0.0000000000	0.0000000000
A	-0.2633979759	-0.4691621517	0.2399527254	0.6407882783	1.5922272019	0.1526790659	-1.6532449245	-0.8412975071	-1.3932838126	-0.0760087665	0.3627219102	0.5703355444	0.0042666872	-1.1361371195	0.8216648801
C	0.9072596948	0.0877787252	1.0435679849	0.2484689243	-1.8327008754	-0.6107162636	0.5542127872	-0.9738802088	-0.7516130629	1.3591878186	0.8058881220	-1.3983959373	-0.8775153405	-1.8260989330	-1.2391023432
D	1.3365008408	-0.6507733072	-1.0390405749	-1.0473737908	-0.4481554825	-0.6107162636	1.1647861968	1.0148603166	-0.7475259881	-0.9635645494	-0.9378745807	-0.6466984625	1.2984951473	-0.3541803976	-0.0766182686
E	-0.4975295101	-0.6386658968	-0.9711294263	-0.9403776033	0.6084712648	-1.2468790381	-0.9017699588	0.8461186962	-0.0813327893	-1.2279428677	-1.4003088886	-1.1478301123	1.1278276581	-0.4461753061	-0.7635406763
F	0.9462816172	1.2379827099	1.1227976583	1.1995461463	0.1348109988	1.4886208925	-0.9017699588	-1.3595753410	1.1120930637	1.5574715573	1.3646629107	1.9902085524	-1.4890738437	0.8417534125	0.2932630279
G	-1.7462310255	-1.1229623114	-0.5410254846	-0.4767274575	-0.7760741282	-0.6107162636	1.1647861968	1.4126084216	-2.0594770114	-0.3498291676	-0.1382485900	-0.4438594613	0.3740462473	-1.4581192992	0.9801854357
H	0.8292158501	-0.4691621517	-0.7447589306	-0.8690468116	0.1348109988	0.5343767306	0.1315081190	-1.2510985850	0.2129365991	0.2450220486	0.3916240545	-0.5512448149	0.1322673042	-0.1241931264	-1.0277416024
I	-1.8242748703	1.4801309172	0.5455528945	0.7715613964	0.6084712648	1.4886208925	-1.6532449245	0.4242646454	0.6257311579	1.1986724110	0.9022286028	0.4868136027	-1.5032961344	-0.1241931264	0.0290621019
K	-0.2243760536	0.1846380081	-1.0277220502	-1.0354853255	0.1348109988	-1.2468790381	0.1315081190	0.4724765369	0.7524304779	-1.5584157656	-1.8723772445	-0.7421521101	1.3411620196	1.4857177717	0.0819022871
L	-0.9657925784	0.6447196020	2.5602503056	2.2695080211	1.5922272019	0.5343767306	-0.9017699588	-0.7448737240	0.6257311579	1.1420199142	0.9793009874	2.0856622000	-1.2615171913	0.2437865074	-0.4464995650
M	0.3999747042	0.2209602392	1.9264129178	2.3051734169	1.5922272019	1.4886208925	-0.3851309199	-1.5885818257	0.4499869398	0.9437361755	1.1045436125	0.3674965432	-1.0481828298	-0.0321982180	-0.2879790094
N	1.2974789184	-1.1350697218	-0.8353071289	-0.8928237422	-0.7760741282	-1.2468790381	1.1647861968	0.4363176183	-0.4491695248	-0.9257962182	-0.7548276671	-0.9807862291	0.9144932965	-0.2621854891	0.3989433984
P	0.0877993253	1.1532308374	-0.2354253155	-0.3102889437	-1.8327008754	-1.2468790381	1.1647861968	0.9907543708	-0.5349980964	-0.4159237472	-0.4080019362	0.3078380135	0.5589360273	1.0717406836	1.6671078435
Q	-0.1853541312	-1.2077141840	-0.2806994146	-0.6075005756	-0.4481554825	-0.1654023214	-0.3851309199	0.7979068047	0.1230209527	-0.9163541354	-1.1883598308	-0.3364741078	0.9287155873	-0.0781956722	0.1347424723
R	-0.1463322088	-0.4812695620	-0.8692627032	-0.6788313672	-0.1566722418	-0.1654023214	0.5542127872	1.2318138284	0.9159134714	-0.8880278870	-0.7162914748	-0.7302204041	1.0567162042	0.8877508667	-2.6657873440
S	0.3219308595	-1.1471771322	0.0022637050	-0.2508466173	-0.7760741282	-1.2468790381	0.5542127872	0.9666484251	-1.2992810913	-0.8880278870	-0.6392190902	-0.7898789339	0.6016028996	-0.6761625772	0.7159845096
T	-0.2633979759	-1.1471771322	-0.1448771172	-0.1319619646	-0.4481554825	0.5343767306	0.1315081190	0.2073111336	-0.6330878926	-0.5858812375	-0.5814148017	-0.2052253423	0.4593799919	-0.4461753061	1.0330256209
V	-1.8242748703	0.3904639843	0.1267674776	0.1414727368	0.9363899105	1.4886208925	-1.6532449245	-0.4917612935	-0.0649844899	0.9342940927	1.0660074202	0.1169307183	-1.1477388652	-0.8601523941	-0.3408191946
W	1.1023693066	2.0007495630	-0.2241067907	0.0701419451	0.6084712648	0.1526790659	1.1647861968	-1.4680520969	1.9908141541	1.1420199142	1.5091736319	1.6441890799	-0.8917376313	1.4397203175	1.2972265470
Y	0.7121500830	1.0684789648	-0.6542107324	-0.4053966659	-0.4481554825	0.5343767306	0.5542127872	-0.0819602156	1.2060957850	0.2733482970	0.1507728525	0.4032916611	-0.5788472344	1.8536974056	-0.6050201207